promedio       = 152164.49999999994 
d.e            = NaN   
best           = 152164.49999999994 
worst          = 152164.49999999994 
